// Instance de test realiste

// Caracteristique de la Turbine-Pompe puissance en MW
P_T_min : 200.0;
P_T_max : 300.0;
P_P_min : -150.0;
P_P_max : -200.0;
alpha_T : 4.41;
alpha_P : 5.444444444444445;
c_AT : -1000.0;
c_TA : -1000.0;
c_AP : -1000.0;
c_PA : -1000.0;

// Caracteristique des reservoirs distance en m
Hauteur : 100.0;
Longeur : 1000.0;
Largeur : 1000.0;
H_0_sup : 0.0;
H_0_inf : 100.0;
Delta_H : 500.0;

// Prix horaire de l'electricite en €/MWh
c_t : [24.603231028536246, 25.328719859181774, 25.40188457182464, 21.819147465751254, 28.58881775867332, 17.78614948761952, 21.83659599182499, 21.60112474086722, 39.82588142570842, 48.074917190066564, 37.49874494140687, 31.92970320291813, 39.47400202739983, 37.44895153316066, 43.39571558819357, 34.37856219607209, 32.06217776466014, 38.191019763897046, 32.34897449503428, 30.94731721275566, 36.57499180617615, 16.98374483056174, 11.50590772113823, 26.85999979093316, 13.14967341501607, 21.341631167390226, 12.43918742903806, 24.12626463709197, 12.44767165939733, 13.59445571264759, 25.63359268213829, 27.67013956400075, 37.51823176072529, 36.072535664741245, 47.97661995698765, 46.55377680193784, 33.85039200062941, 38.42954526215268, 46.81061797119288, 31.67133456466282, 32.31371867444688, 33.44870132692421, 32.17059794834253, 48.26076208076592, 41.81699943189534, 11.21330302862134, 10.02326804659824, 16.67892523473258, 33.76802983118757, 23.182764013673932];

// Prix horaire de la regulation en €/MWh
r_t : [10.0, 10.0, 10.0, 10.0, 10.0, 10.0, 10.0, 10.0, 10.0, 10.0, 10.0, 10.0, 10.0, 10.0, 10.0, 10.0, 10.0, 10.0, 10.0, 10.0, 10.0, 10.0, 10.0, 10.0, 10.0, 10.0, 10.0, 10.0, 10.0, 10.0, 10.0, 10.0, 10.0, 10.0, 10.0, 10.0, 10.0, 10.0, 10.0, 10.0, 10.0, 10.0, 10.0, 10.0, 10.0, 10.0, 10.0, 10.0, 10.0, 10.0];